10,11,12,13,14,15,16,17,18,19,20,21,22,23,24,25,26,27,28,29,30,31,32,50,51,52,53,54,55,60,61,62,72,100,199
200,201,202,203,204,205,206,207,208,209,210,211,212,213,214,215,216,217,218,219,220,221,222,223,300,301,302,303,304,305,306,307,308,309,310,311,312,313,314,315,316,317,318,319,320
200,10,300,16,201,27,211,199,99
201,16,16 17 100 52 202 53 217
202,100,100 203 204 205
203,18,18 52 319 53,19,19 52 218 53,32,32
204,20,20 21,50,99,53,99
205,22,207,50,50 206,53,99
206,22,207,100,202
207,22,22 100 208
208,24,24 23 52 100 53 210,25,25 23 52 100 53 222,31,31 52 220 53 210
209,53,99,100,100 210
210,50,50 207,53,223
211,27,27 28 100 29 215
212,54,213 214,61,213 214
213,54,54 62 54,61,61
214,50,50 212,53,209
215,52,52 212 53 216
216,50,50 215,55,55 200,199,99
217,10,200,16,200,27,200,55,55 200,199,99
218,61,61 221
219,50,99,52,52 100 53,53,99
220,100,313 312
221,50,50 61,53,99
222,26,26 100 219 210
223,53,99
300,10,10 301 11 306 310
301,30,30 302,72,72,100,302
302,100,304 303
303,11,99,50,50 302,199,99
304,100,100 305
305,11,99,13,99,14,99,15,99,50,99,51,51 100,53,99,60,99,61,99,62,99,199,99
306,100,308 307
307,12,99,50,50 306,53,99,199,99
308,100,100 309
309,12,99,50,99,53,99,100,100,199,99
310,12,12 311,53,99,199,99
311,100,313 312
312,14,317 311,15,317 311,53,99,199,99
313,100,304 314
314,13,13 52 320 53,60,315 316
315,60,60
316,54,54 318 54,61,319,100,304
317,14,14,15,15
318,62,62
319,61,61
320,10,300,54,213 214,61,213 214
